Dimensões: (998214, 63)

Tipos de dados:
object     30
float64    29
int64       4
Name: count, dtype: int64

Primeiras linhas:
   TP_NOT ID_AGRAVO  DT_NOTIFIC  NU_ANO  SG_UF_NOT  ID_MUNICIP  ID_REGIONA  ID_UNIDADE     DT_DIAG  SEM_DIAG ANO_NASC  NU_IDADE_N CS_SEXO  CS_GESTANT  CS_RACA CS_ESCOL_N  SG_UF  ID_MN_RESI  ID_RG_RESI  ID_PAIS  NDUPLIC_N DT_DIGITA DT_TRANSUS DT_TRANSDM  DT_TRANSSM  DT_TRANSRM DT_TRANSRS  DT_TRANSSE NU_LOTE_V  NU_LOTE_H CS_FLXRET FLXRECEBI MIGRADO_W ID_OCUPA_N  NU_LESOES  FORMACLINI  AVALIA_N  CLASSOPERA  MODOENTR MODODETECT  BACILOSCOP  DTINICTRAT  ESQ_INI_N  CONTREG  NERVOSAFET UFATUAL  ID_MUNI_AT  DT_NOTI_AT  ID_UNID_AT  UFRESAT  MUNIRESAT   DTULTCOMP CLASSATUAL AVAL_ATU_N ESQ_ATU_N  DOSE_RECEB EPIS_RACIO DTMUDESQ  CONTEXAM    DTALTA_N TPALTA_N  IN_VINCULA NU_LOTE_IA
0       2      A309  2001-01-10    2001       41.0      410304      1359.0   2741474.0  2000-12-10       NaN     1942        4058       M         6.0      NaN          0   41.0    410304.0      1359.0      1.0        0.0       NaN        NaN        NaN  2008-03-11         NaN        NaN  2009-05-22   0000000        NaN       NaN       NaN         1        NaN        0.0         1.0       0.0         2.0       1.0          2         NaN  2000-12-10        3.0      0.0         NaN      PR    410304.0  2001-01-10   2741474.0     41.0   410304.0  2002-10-02          2          0         3         NaN        NaN      NaN       0.0  2002-10-02        1         0.0    0000000
1       2      A309  2001-01-17    2001       41.0      410940      1359.0   2741369.0  2000-12-23       NaN     1956        4044       M         6.0      1.0          0   41.0    410940.0      1359.0      1.0        0.0       NaN        NaN        NaN  2007-12-28         NaN        NaN  2010-12-22   0000000        NaN       NaN       NaN         1        NaN        0.0         4.0       2.0         2.0       6.0        NaN         NaN  2001-01-17        3.0      3.0         NaN      PR    410940.0  2001-01-17   2741369.0     41.0   410940.0  2001-12-19          2          0         3         NaN        NaN      NaN       2.0  2001-12-19        1         0.0    0000000
2       2      A309  2001-01-16    2001       41.0      410940      1359.0   2741369.0  2001-01-16       NaN     1968        4032       M         6.0      1.0          3   41.0    410940.0      1359.0      1.0        0.0       NaN        NaN        NaN  2007-12-28         NaN        NaN  2010-12-22   0000000        NaN       NaN       NaN         1        NaN        0.0         2.0       0.0         1.0       1.0          1         NaN  2001-01-16        1.0      1.0         NaN      PR    410940.0  2001-01-16   2741369.0     41.0   410940.0  2001-06-27          1          0         1         NaN        NaN      NaN       1.0  2001-06-27        1         0.0    0000000
3       2      A309  2001-01-08    2001       41.0      411780      1359.0   2743116.0  2001-01-08       NaN     1960        4040       F         9.0      NaN          3   41.0    411780.0      1359.0      1.0        0.0       NaN        NaN        NaN  2007-12-10         NaN        NaN  2010-12-22   0000000        NaN       NaN       NaN         1        NaN        0.0         1.0       1.0         2.0       1.0          2         NaN  2001-01-08        3.0      3.0         NaN      PR    411780.0  2001-01-08   2743116.0     41.0   411780.0  2002-01-28          2          0         3         NaN        NaN      NaN       3.0  2002-01-28        1         0.0    0000000
4       2      A309  2001-01-02    2001       41.0      411780      1359.0   2743116.0  2000-01-11       NaN     1968        4031       M         6.0      NaN          0   41.0    411780.0      1359.0      1.0        0.0       NaN        NaN        NaN  2007-12-10         NaN        NaN  2010-12-22   0000000        NaN       NaN       NaN         1        NaN        0.0         4.0       1.0         2.0       3.0        NaN         NaN  2001-01-02        3.0      0.0         NaN      PR    411780.0  2001-01-02   2743116.0     41.0   411780.0  2002-03-14          2          2         3         NaN        NaN      NaN       0.0  2002-03-14        1         0.0    0000000

Qtd variáveis numéricas: 33
Qtd variáveis categóricas: 30

Missing por variável:
            missing_abs  missing_pct
DT_TRANSRM       998214   100.000000
FLXRECEBI        996769    99.855241
CS_FLXRET        996769    99.855241
NU_LOTE_H        988748    99.051706
DT_TRANSDM       962493    96.421509
DTMUDESQ         953522    95.522804
DT_TRANSUS       931179    93.284506
SEM_DIAG         892731    89.432827
DT_TRANSRS       810591    81.204131
DT_TRANSSE       732744    73.405502
MIGRADO_W        667624    66.881851
NDUPLIC_N        626013    62.713306
IN_VINCULA       620157    62.126658
ID_OCUPA_N       558301    55.929991
BACILOSCOP       503871    50.477252
NERVOSAFET       472116    47.296071
EPIS_RACIO       464129    46.495942
DT_DIGITA        362838    36.348719
DOSE_RECEB       339290    33.989706
AVAL_ATU_N       289559    29.007708
DT_TRANSSM       163419    16.371139
MODODETECT       150587    15.085643
ID_RG_RESI       149067    14.933371
ID_REGIONA       121599    12.181656
CONTEXAM         107710    10.790271
DTALTA_N          84898     8.504990
TPALTA_N          84861     8.501283
CS_RACA           79893     8.003594
CS_ESCOL_N        69671     6.979566
NU_LOTE_V         63648     6.376188
CONTREG           54962     5.506034
FORMACLINI        45131     4.521175
NU_LOTE_IA        40794     4.086699
NU_LESOES         37203     3.726956
AVALIA_N          28063     2.811321
ANO_NASC          15735     1.576315
ESQ_ATU_N         13124     1.314748
MUNIRESAT          8243     0.825775
UFRESAT            4987     0.499592
ESQ_INI_N          3182     0.318769
DTULTCOMP          2605     0.260966
ID_UNID_AT         2086     0.208973
DT_NOTI_AT         1745     0.174812
UFATUAL            1429     0.143156
ID_MUNI_AT         1409     0.141152
CLASSATUAL         1208     0.121016
DTINICTRAT         1194     0.119614
MODOENTR           1187     0.118912
CLASSOPERA         1187     0.118912
ID_UNIDADE          363     0.036365
SG_UF               328     0.032859
ID_MN_RESI          323     0.032358
CS_GESTANT           10     0.001002
ID_PAIS               1     0.000100
SG_UF_NOT             1     0.000100
DT_NOTIFIC            0     0.000000
ID_MUNICIP            0     0.000000
NU_ANO                0     0.000000
ID_AGRAVO             0     0.000000
DT_DIAG               0     0.000000
NU_IDADE_N            0     0.000000
CS_SEXO               0     0.000000
TP_NOT                0     0.000000

Estatísticas descritivas – numéricas:
               count          mean           std        min         1%         5%        25%        50%        75%        95%        99%        max
TP_NOT      998214.0  2.000000e+00  0.000000e+00        2.0        2.0        2.0        2.0        2.0        2.0        2.0        2.0        2.0
NU_ANO      998214.0  2.011058e+03  6.933244e+00     2001.0     2001.0     2001.0     2005.0     2010.0     2017.0     2023.0     2025.0     2025.0
SG_UF_NOT   998213.0  2.960270e+01  1.247347e+01       11.0       11.0       14.0       21.0       26.0       35.0       52.0       52.0       53.0
ID_MUNICIP  998214.0  2.970567e+05  1.248772e+05   110001.0   110014.0   140010.0   210596.0   261350.0   354140.0   520870.0   522150.0   530010.0
ID_REGIONA  876615.0  1.643178e+03  1.244242e+03     1331.0     1332.0     1353.0     1435.0     1494.0     1578.0     1966.0     5584.0    32004.0
ID_UNIDADE  997851.0  2.839796e+06  1.547067e+06        0.0      590.0    24503.0  2319020.0  2468093.0  2723158.0  6579779.0  9014551.0  9999590.0
SEM_DIAG    105483.0  2.021728e+05  1.076458e+03     2124.0   201928.0   202005.0   202103.0   202206.0   202306.0   202343.0   202351.0   202527.0
NU_IDADE_N  998214.0  4.041897e+03  4.580851e+01        1.0     4007.0     4013.0     4028.0     4043.0     4057.0     4074.0     4083.0     7009.0
CS_GESTANT  998204.0  6.274713e+00  1.302051e+00        1.0        5.0        5.0        6.0        6.0        6.0        9.0        9.0        9.0
CS_RACA     918321.0  3.036701e+00  1.714801e+00        1.0        1.0        1.0        1.0        4.0        4.0        4.0        9.0        9.0
SG_UF       997886.0  2.954472e+01  1.244488e+01       11.0       11.0       14.0       21.0       26.0       35.0       52.0       52.0       53.0
ID_MN_RESI  997891.0  2.964721e+05  1.245978e+05   110000.0   110015.0   140010.0   210570.0   261260.0   353710.0   520552.0   522140.0   539930.0
ID_RG_RESI  849147.0  1.603637e+03  5.754732e+02     1331.0     1332.0     1353.0     1435.0     1494.0     1578.0     1965.0     5584.0     6262.0
ID_PAIS     998213.0  1.021190e+00  1.627272e+00        1.0        1.0        1.0        1.0        1.0        1.0        1.0        1.0      199.0
NDUPLIC_N   372201.0  1.845965e-01  3.889180e-01        0.0        0.0        0.0        0.0        0.0        0.0        1.0        1.0        2.0
DT_TRANSRM       0.0           NaN           NaN        NaN        NaN        NaN        NaN        NaN        NaN        NaN        NaN        NaN
NU_LOTE_H     9466.0  2.022878e+06  9.080794e+02  2020002.0  2020010.0  2021005.0  2023001.0  2023010.0  2023012.0  2024003.0  2024004.0  2024004.0
NU_LESOES   961011.0  5.778298e+00  9.326600e+00        0.0        0.0        0.0        1.0        3.0        7.0       20.0       46.0       99.0
FORMACLINI  953083.0  2.769558e+00  1.092874e+00        0.0        1.0        1.0        2.0        3.0        3.0        5.0        5.0        9.0
AVALIA_N    970151.0  6.645007e-01  9.685978e-01        0.0        0.0        0.0        0.0        0.0        1.0        3.0        3.0        3.0
CLASSOPERA  997027.0  1.670993e+00  5.590031e-01        1.0        1.0        1.0        1.0        2.0        2.0        2.0        2.0        9.0
MODOENTR    997027.0  1.641395e+00  1.666827e+00        1.0        1.0        1.0        1.0        1.0        1.0        7.0        7.0        9.0
BACILOSCOP  494343.0  2.352120e+00  1.538149e+00        1.0        1.0        1.0        1.0        2.0        3.0        3.0        9.0        9.0
ESQ_INI_N   995032.0  1.737191e+00  6.416052e-01        1.0        1.0        1.0        1.0        2.0        2.0        3.0        3.0        9.0
CONTREG     943252.0  3.272615e+00  3.041682e+00        0.0        0.0        0.0        1.0        3.0        4.0        8.0       12.0       99.0
NERVOSAFET  526098.0  1.544094e+00  2.481919e+00        0.0        0.0        0.0        0.0        0.0        2.0        6.0       10.0       99.0
ID_MUNI_AT  996805.0  2.968887e+05  1.247965e+05   110001.0   110014.0   140010.0   210580.0   261310.0   354130.0   520870.0   522150.0   530010.0
ID_UNID_AT  996128.0  2.854914e+06  1.560997e+06       43.0      590.0    24600.0  2325004.0  2469235.0  2723158.0  6600433.0  9021787.0  9999590.0
UFRESAT     993227.0  2.953091e+01  1.244038e+01       11.0       11.0       14.0       21.0       26.0       35.0       52.0       52.0       53.0
MUNIRESAT   989971.0  2.963463e+05  1.245449e+05   110000.0   110015.0   140010.0   210565.0   261245.0   353620.0   520552.0   522140.0   539934.0
DOSE_RECEB  658924.0  9.110753e+00  4.616460e+00        0.0        1.0        1.0        6.0       12.0       12.0       12.0       24.0       99.0
CONTEXAM    890504.0  2.323755e+00  2.834391e+00        0.0        0.0        0.0        0.0        2.0        3.0        7.0       11.0       99.0
IN_VINCULA  378057.0  1.607615e-01  3.673113e-01        0.0        0.0        0.0        0.0        0.0        0.0        1.0        1.0        1.0

Estatísticas descritivas – categóricas:
           n_unicos        moda freq_moda
ID_AGRAVO         1        A309    998214
DT_NOTIFIC     8846  2003-02-25       372
DT_DIAG       10735  2003-03-10       382
ANO_NASC        165        1977     19627
CS_SEXO           4           M    558588
CS_ESCOL_N       23          01    140433
DT_DIGITA      5903  2010-10-06      1697
DT_TRANSUS     3735  2010-03-02      7293
DT_TRANSDM     2667  2008-05-05      2002
DT_TRANSSM     5569  2009-03-02      7692
DT_TRANSRS     4011  2009-02-26      7877
DT_TRANSSE     2720  2011-07-04     19895
NU_LOTE_V       340     0000000    875222
CS_FLXRET         1           N      1445
FLXRECEBI         1           N      1445
MIGRADO_W         2           1    329145
ID_OCUPA_N     1831      999992     84397
MODODETECT        8           2    370260
DTINICTRAT     9712  2003-02-25       386
UFATUAL          27          MA    109705
DT_NOTI_AT     8876  2003-02-25       368
DTULTCOMP      9456  2003-05-28       423
CLASSATUAL        4           2    661940
AVAL_ATU_N        5           0    407375
ESQ_ATU_N         5           2    582785
EPIS_RACIO        5           4    431836
DTMUDESQ       7551  2019-08-28        27
DTALTA_N       9160  1899-12-30       844
TPALTA_N         10           1    754314
NU_LOTE_IA      344     0000000    899122

Resumo de outliers por variável numérica (critério 1.5 * IQR):
        coluna         q1         q3       iqr  limite_inf  limite_sup  n_outliers  pct_outliers
15   NU_LOTE_H  2023001.0  2023012.0      11.0   2022984.5   2023028.5        4328     45.721530
8   CS_GESTANT        6.0        6.0       0.0         6.0         6.0      380398     38.108242
26  ID_UNID_AT  2325004.0  2723158.0  398154.0   1727773.0   3320389.0      214399     21.523238
5   ID_UNIDADE  2319020.0  2723158.0  404138.0   1712813.0   3329365.0      211151     21.160574
14   NDUPLIC_N        0.0        0.0       0.0         0.0         0.0       68570     18.422841
31  IN_VINCULA        0.0        0.0       0.0         0.0         0.0       60777     16.076147
20    MODOENTR        1.0        1.0       0.0         1.0         1.0      157041     15.750928
4   ID_REGIONA     1435.0     1578.0     143.0      1220.5      1792.5       91780     10.469819
12  ID_RG_RESI     1435.0     1578.0     143.0      1220.5      1792.5       87262     10.276430
18    AVALIA_N        0.0        1.0       1.0        -1.5         2.5       90157      9.293089
16   NU_LESOES        1.0        7.0       6.0        -8.0        16.0       81301      8.459945
24  NERVOSAFET        0.0        2.0       2.0        -3.0         5.0       36184      6.877806
17  FORMACLINI        2.0        3.0       1.0         0.5         4.5       47908      5.026635
23     CONTREG        1.0        4.0       3.0        -3.5         8.5       38539      4.085759
21  BACILOSCOP        1.0        3.0       2.0        -2.0         6.0       18916      3.826493
30    CONTEXAM        0.0        3.0       3.0        -4.5         7.5       32632      3.664442
9      CS_RACA        1.0        4.0       3.0        -3.5         8.5       28712      3.126576
29  DOSE_RECEB        6.0       12.0       6.0        -3.0        21.0       16139      2.449296
6     SEM_DIAG   202103.0   202306.0     203.0    201798.5    202610.5         366      0.346975
22   ESQ_INI_N        1.0        2.0       1.0        -0.5         3.5        1688      0.169643
19  CLASSOPERA        1.0        2.0       1.0        -0.5         3.5        1633      0.163787
7   NU_IDADE_N     4028.0     4057.0      29.0      3984.5      4100.5         688      0.068923
13     ID_PAIS        1.0        1.0       0.0         1.0         1.0         191      0.019134
2    SG_UF_NOT       21.0       35.0      14.0         0.0        56.0           0      0.000000
28   MUNIRESAT   210565.0   353620.0  143055.0     -4017.5    568202.5           0      0.000000
27     UFRESAT       21.0       35.0      14.0         0.0        56.0           0      0.000000
11  ID_MN_RESI   210570.0   353710.0  143140.0     -4140.0    568420.0           0      0.000000
25  ID_MUNI_AT   210580.0   354130.0  143550.0     -4745.0    569455.0           0      0.000000
10       SG_UF       21.0       35.0      14.0         0.0        56.0           0      0.000000
3   ID_MUNICIP   210596.0   354140.0  143544.0     -4720.0    569456.0           0      0.000000
1       NU_ANO     2005.0     2017.0      12.0      1987.0      2035.0           0      0.000000
0       TP_NOT        2.0        2.0       0.0         2.0         2.0           0      0.000000

